Date: 2013-09-16
Data taken by Liam and Selena
frequency (Hz) amplitude (mm)  amp error (mm)
    0.7500        13.52             0.32
    1.7885        12.11             0.92
    2.8269        14.27             0.73
    3.8654        16.60             2.06
    4.9038        22.91             1.75
    5.9423        35.28             0.91
    6.9808        60.99             0.99
    8.0192        33.38             0.36
    9.0577        17.78             2.32
   10.0962        10.99             0.21
   11.1346         7.47             0.48
   12.1731         6.72             0.51
   13.2115         4.40             0.58
   14.2500         4.07             0.63