1.000000000000000e+00 5.074504706270979e+00 2.008730576175758e+00
4.500000000000000e+00 1.289289166252316e+01 2.741067741005106e+00
8.000000000000000e+00 1.332591708397893e+01 2.854387916337434e+00
1.150000000000000e+01 1.038103299742291e+01 2.604147458509237e+00
1.500000000000000e+01 7.620333804380130e+00 2.208611300758426e+00
1.850000000000000e+01 1.179218620811915e+00 1.853083664948188e+00
2.200000000000000e+01 1.286599284270042e+00 1.636762429679462e+00
2.550000000000000e+01 1.103731582010596e+00 1.551073027064865e+00
2.900000000000000e+01 1.071916684926972e-01 1.529001133635823e+00
3.250000000000000e+01 1.351009135618337e+00 1.525005271347752e+00
3.600000000000000e+01 8.430296642414740e-01 1.524464984084162e+00
3.950000000000000e+01 6.792297514880828e-01 1.524409154294879e+00
4.300000000000000e+01 2.061792878229032e+00 1.524404710983582e+00
