  2.00e+00   7.41e+03   2.72e+01
  9.00e+00   5.28e+03   2.30e+01
  1.60e+01   3.77e+03   1.94e+01
  2.30e+01   2.68e+03   1.64e+01
  3.00e+01   1.88e+03   1.37e+01
  3.70e+01   1.39e+03   1.18e+01
  4.40e+01   9.59e+02   9.79e+00
  5.10e+01   7.00e+02   8.37e+00
  5.80e+01   4.89e+02   7.00e+00
  6.50e+01   3.37e+02   5.80e+00
  7.20e+01   2.46e+02   4.96e+00
  7.90e+01   1.82e+02   4.26e+00
  8.60e+01   1.30e+02   3.60e+00
  9.30e+01   8.20e+01   2.86e+00
  1.00e+02   6.34e+01   2.52e+00
  1.07e+02   4.65e+01   2.16e+00
  1.14e+02   3.39e+01   1.84e+00
  1.21e+02   2.20e+01   1.48e+00
  1.28e+02   1.71e+01   1.31e+00
  1.35e+02   1.25e+01   1.12e+00
  1.42e+02   8.30e+00   9.11e-01
  1.49e+02   5.70e+00   7.55e-01
  1.56e+02   4.40e+00   6.63e-01
  1.63e+02   2.40e+00   4.90e-01
  1.70e+02   2.00e+00   4.47e-01
  1.77e+02   1.90e+00   4.36e-01
